0,0,6,81,0,1,2,0
0,376,35,1429,0,1,0,0
0,140,67,5564,0,1,0,0
0,140,67,5564,0,1,0,0
0,0,20,172,0,1,0,1
0,0,12,89,0,0,0,0
0,0,3,3,0,5,0,0
0,0,0,45,0,1,0,2
0,0,4,3,0,0,0,0
0,0,14,3,0,1,0,0
0,0,14,3,0,1,0,0
0,0,0,0,0,0,0,0
0,0,0,2,0,1,0,0
0,0,3,3,0,5,0,0
0,0,8,3,0,4,0,0
0,0,8,3,0,0,0,0
0,0,0,3,0,1,0,0
0,0,0,3,0,1,0,0
0,0,3,101,0,4,0,0
0,0,1,3,0,0,0,1
0,0,2,3,0,0,0,1
0,0,0,3,0,0,0,1
0,0,17,3,0,1,0,0
0,0,0,3,0,1,0,0
0,0,10,3,0,1,0,0
0,0,0,3,0,1,0,0
0,0,11,2,0,1,0,0
0,0,18,2279,0,1,1,0
0,0,3,586,0,1,0,0
0,0,1,3,0,0,0,0
0,0,0,2,0,0,0,0
0,0,6,3,0,5,0,0
0,22,5,485,0,1,0,0
0,0,1,3,0,1,0,1
0,0,7,2070,0,1,0,0
0,0,3,2,0,0,0,0
0,0,1,3,0,1,0,0
0,0,0,45,0,1,0,2
0,0,5,3,0,1,0,0
0,0,11,3,0,0,1,1
0,0,8,134,0,1,0,0
0,0,9,3,0,0,0,0
1,0,0,3,0,0,0,1
0,73,82,5449,0,1,1,0
0,0,6,3,0,1,0,0
0,0,0,1,0,1,0,0
0,0,1,30,0,0,0,0
0,0,327,20126,0,1,0,0
0,0,0,3,0,1,0,0
0,0,0,3,0,1,0,0
0,0,0,0,0,0,0,0
0,0,0,368,0,1,0,0
0,0,11,3,0,1,0,0
0,0,0,101,0,1,0,0
0,0,0,1,0,0,0,0
0,0,0,2,0,1,0,0
0,0,3,3,0,0,0,0
0,0,20,3,0,4,0,0
0,0,0,2,0,1,0,0
0,0,0,3,0,2,0,0
0,0,0,2,0,1,0,0
0,0,8,122,0,1,0,0
0,0,3,101,0,4,0,0
0,0,90,34588,0,1,0,0
0,0,0,23,0,1,0,0
0,0,0,3,0,0,0,0
0,0,1105,43963,0,1,0,0
0,0,461,8310,1,0,1,0
0,0,0,0,0,0,0,0
0,0,0,2,0,1,0,0
0,1,0,91,0,2,0,0
0,0,131,7377,0,1,0,0
0,0,14,3,0,3,0,0
0,0,1,3,0,0,0,1
0,0,14,3,0,1,0,0
0,0,1,2,0,1,0,0
0,0,0,2,0,1,0,0
0,0,0,468,0,1,0,0
0,3371,90,34598,0,1,0,0
0,0,0,37,0,0,0,0
0,0,126,7373,0,1,0,0
1,0,0,1,0,5,0,0
0,0,20,3,0,5,0,0
0,0,0,3,0,0,0,1
0,178,77,6693,0,1,0,0
0,0,1018,110713,0,1,0,0
0,0,3,1,0,1,0,0
0,0,11,3,0,3,0,0
0,0,0,3,0,1,0,0
0,0,1,3,0,1,0,0
0,0,16,4890,0,1,1,0
1,0,23,3,0,0,0,1
0,0,0,0,0,1,0,0
0,0,126,17760,0,1,0,0
0,0,0,0,0,2,0,0
0,0,8,3,0,1,0,0
0,0,7,3,0,2,0,0
0,0,0,0,0,1,0,0
0,0,138,29305,0,1,0,0
0,0,17,1,0,0,0,0
0,0,0,0,0,1,0,0
0,0,4,191,0,1,0,0
1,0,1,3,0,0,1,0
0,0,0,2,0,1,0,0
0,1,0,1251,0,1,1,1
0,0,20,3869,0,1,0,0
0,0,9,3,0,1,0,0
0,0,191,71603,0,1,0,0
0,0,7,1767,0,1,1,0
0,0,5,2,0,0,0,0
0,1,0,434,0,2,0,1
0,0,1,3,0,1,0,0
0,1,6,1,0,1,0,0
1,0,3,1,0,0,0,0
0,0,7,3,0,1,0,0
0,0,21,3,0,0,0,0
0,0,1236,74131,0,1,8,0
0,0,210,32645,0,1,1,1
0,0,0,42,0,4,0,6
0,0,0,2,0,0,0,0
0,0,0,13,0,1,1,8
1,0,0,1,0,0,0,0
0,0,6,3,0,1,0,0
0,0,63,17048,0,3,1,0
0,0,2,3,0,1,0,0
0,0,1,2,0,0,0,0
0,828,577,56522,0,1,1,0
0,0,24,1430,0,1,0,0
0,0,14,59,0,1,0,0
0,0,2,1,0,0,0,0
0,0,23,6166,0,4,1,0
0,1,0,411,0,1,0,0
0,0,1,10,0,0,0,0
1,0,5,3,0,0,0,0
0,0,3,2,0,0,0,0
0,0,0,0,0,1,0,0
0,0,0,0,0,1,0,0
0,0,0,0,0,1,0,0
0,0,44,3,0,1,0,0
0,151,22,3039,0,1,1,0
0,0,5,3,0,1,0,0
0,0,5,3,0,1,0,0
0,0,1,1,0,0,0,0
0,0,2,1404,0,1,1,3
0,2,12,432,0,1,0,0
0,0,7,1,0,1,0,0
0,0,0,28,0,4,0,6
0,0,321,33300,0,1,1,0
0,0,0,3,0,3,0,0
0,0,0,3,0,0,0,0
1,0,2,3,0,0,0,0
0,0,7,1,0,1,0,0
0,0,6,3,0,1,0,0
0,0,0,1,0,1,0,0
0,0,20,3962,0,1,0,0
0,0,16,2,0,1,0,0
1,0,2,2,0,0,0,1
0,0,0,0,0,1,0,0
0,0,89,6682,0,0,0,0
0,0,0,2,0,1,0,0
0,0,1,2,0,1,0,0
0,0,0,3,0,0,0,0
0,0,0,3,0,0,0,0
0,0,0,0,0,1,0,0
1,0,1,3,0,0,0,0
0,0,0,3,0,0,0,0
0,0,81,4586,0,1,0,0
0,0,9,2,0,0,0,0
0,0,41,601,0,1,0,0
1,0,0,3,0,0,0,1
1,0,5,3,0,0,1,0
0,0,1,3,0,0,0,0
0,0,17,3,0,5,0,0
0,0,0,3,0,1,0,0
0,0,1,37,0,0,0,0
0,0,16,3,0,4,0,0
0,1,0,386,0,1,0,0
0,0,14,2,0,0,0,0
0,0,0,0,0,2,0,0
0,0,18,2,0,1,0,0
0,0,0,1,0,0,0,0
0,0,3,3,0,1,0,0
0,0,25,1,0,1,0,0
0,0,0,3,0,0,0,1
0,0,3,3,0,0,0,0
0,0,0,2,0,1,0,0
0,0,0,0,0,0,0,0
0,0,0,7,0,1,1,0
0,0,22,3,0,1,0,0
0,0,0,0,0,1,0,0
1,0,0,3,0,0,0,1
0,28,26,4245,0,1,0,0
0,0,0,3,0,0,0,0
0,0,2,3,0,0,0,0
0,1,1,3,0,1,0,0
1,0,2,3,0,0,0,1
1,0,0,3,0,0,0,1
1,0,0,2,0,5,0,0
0,0,0,2,0,0,0,0
0,0,11,3,0,0,0,0
0,0,0,0,0,2,0,0
0,0,3,3,0,1,0,0
0,0,1,3,0,0,0,0
1,0,8,1,0,0,0,0
0,0,0,0,0,1,0,0
0,0,47,4792,0,1,0,0
1,0,0,2,0,0,0,0
1,0,0,3,0,0,0,0
0,11,9,3747,0,1,0,0
0,0,8,3,0,1,0,0
1,0,12,1,0,2,0,0
0,0,10,3,0,0,0,0
0,0,14,3,0,0,0,0
0,0,20,1412,0,1,0,0
0,0,6,3,0,0,0,0
0,0,9,3,0,1,0,0
0,0,1,2,0,1,1,0
0,0,1,2,0,1,0,1
0,0,3,1,0,0,0,1
0,0,11,252,0,1,0,0
0,0,5,1,0,0,0,0
0,0,2,3,0,1,0,0
0,0,0,3,0,0,0,0
0,0,1,3,0,5,0,0
0,0,0,36,0,1,0,0
0,0,0,0,0,1,0,0
0,0,1,2,0,0,0,0
0,0,0,2,0,1,0,0
0,0,0,29,0,1,0,1
0,0,1,42,0,0,0,0
0,0,0,3,0,0,0,0
0,0,327,20135,0,1,0,0
0,0,20,989,0,1,1,0
0,0,0,2,0,1,0,2
0,0,0,2,0,0,0,0
0,0,0,0,0,0,0,0
1,0,0,3,0,0,0,1
0,0,0,0,0,1,0,0
0,0,0,0,0,1,0,0
0,0,1,3,0,1,0,0
0,0,7,3,0,1,0,0
0,0,64,5291,0,1,1,0
0,0,217,16006,0,1,0,0
0,0,103,2126,0,1,0,0
0,0,0,2,0,1,1,0
0,0,0,3,0,0,0,0
0,0,401,23078,0,1,0,0
0,0,67,6497,0,1,0,0
0,0,0,0,0,1,0,0
0,0,5,292,0,1,0,0
0,0,0,2,0,0,0,0
0,0,3,3,0,1,0,1
0,0,0,2,0,1,0,0
0,0,0,3,0,0,0,0
0,0,0,52,0,1,2,0
0,0,18,3,0,1,0,0
0,0,0,2,0,1,0,0
0,0,0,0,0,1,0,0
0,0,0,0,0,1,0,0
1,0,0,125,0,0,0,0
0,0,8,3,0,1,0,0
0,0,0,1,0,1,2,0
0,0,1,46,0,4,0,0
0,0,0,2,0,0,0,0
0,0,0,1039,0,1,1,0
0,0,6,3,0,1,0,0
0,0,0,8,1,0,0,0
0,0,5,3,0,0,0,0
0,0,0,3,0,0,0,0
0,0,0,4,0,0,0,0
0,0,90,34633,0,1,0,0
0,0,684,71778,0,1,3,0
0,0,7,3,0,0,0,0
1,0,0,3,0,0,0,0
0,0,6,4,0,0,0,0
0,0,0,2,0,1,0,0
0,0,0,0,0,2,0,0
0,16,59,7627,0,1,2,0
0,0,7,3,0,1,0,0
1,0,1,117,0,0,0,0
0,0,2,2,0,1,0,0
0,0,506,45802,0,1,1,0
0,0,0,5,0,0,0,0
0,0,14,3,0,1,0,0
0,0,0,3,0,0,0,1
0,0,8,42,0,1,0,0
0,0,3,3,0,1,0,0
1,0,0,3,0,0,0,1
0,0,0,96,0,4,0,2
0,0,37,6803,0,1,0,0
0,0,3,193,0,1,0,0
0,0,0,63,0,4,0,0
0,0,2,3,0,1,0,0
0,0,0,2,0,1,0,0
0,58,331,35352,0,4,0,0
0,0,668,27898,1,0,0,0
0,0,28,4362,0,1,1,1
0,0,0,3,0,0,0,0
0,0,4,2,0,0,0,0
0,0,10,3,0,0,0,0
0,0,1108,43994,0,1,0,0
0,0,3,949,0,1,0,0
0,0,0,3,0,0,0,0
0,0,7,1,0,0,1,0
0,0,0,3,0,1,0,0
0,0,1,3,0,0,0,0
0,0,59,1561,0,1,0,0
0,0,0,1,0,0,0,0
0,0,9,3,0,0,0,0
0,0,461,8310,1,0,1,0
0,0,0,11,0,5,0,1
0,0,0,2,0,1,0,0
0,0,1424,7193,1,0,1,0
0,0,0,8,0,0,1,0
1,0,1,3,0,0,0,0
0,0,489,42269,0,1,1,0
0,0,0,3,0,0,0,0
0,0,1,45,0,1,0,0
0,24,15,483,0,0,1,0
0,24,15,483,0,0,1,0
0,0,132,7429,0,1,0,0
1,0,1,3,0,0,0,0
1,0,0,3,0,0,0,0
0,0,24,2,0,0,0,0
0,0,63,4908,0,1,0,0
0,0,0,3,0,0,0,3
0,0,0,3,0,0,0,0
0,0,0,3,0,1,0,0
0,0,0,79,0,0,0,2
0,0,3,594,0,1,0,0
0,0,1,11,0,0,0,0
0,0,1,3,0,0,0,0
0,0,7,1,0,0,0,1
1,0,0,1,0,1,0,1
0,0,125,17992,0,1,0,0
0,0,25,2149,0,1,2,0
0,0,0,28,0,1,0,0
0,0,32,3,0,0,0,0
0,0,1018,110745,0,1,0,0
0,0,3,1,0,0,0,0
0,0,0,1,0,0,0,0
0,14,14,5045,0,4,1,0
0,0,1,1,0,1,0,0
0,0,22,3744,0,1,1,0
0,0,138,29323,0,1,0,0
0,0,1,9,0,0,0,0
0,0,0,3,0,1,0,0
0,0,0,3,0,0,0,1
0,0,4,511,0,4,0,0
0,0,0,0,0,1,0,0
0,2,15,2,0,1,1,2
1,0,1,3,0,0,0,0
1,0,8,3,0,0,0,1
0,0,13,2,0,1,0,0
0,0,20,3871,0,1,0,0
1,0,8,3,0,0,0,1
1,0,0,1,0,0,0,1
0,0,1,3,0,1,0,0
0,0,31,3034,0,2,0,2
0,0,192,71836,0,1,0,0
0,0,0,3,0,0,0,0
0,22,20,1418,0,1,0,0
0,0,1,5,1,0,0,0
0,0,3,514,0,1,0,2
0,0,0,0,0,1,0,0
0,0,0,3,0,0,0,0
0,0,0,7,1,0,0,0
0,0,0,7,0,0,0,0
0,0,0,1,0,0,0,0
0,0,11,2,0,0,0,1
1,0,7,2,0,0,0,0
0,0,0,0,0,1,0,0
0,0,51159,990748,0,1,0,0
0,0,8,2,0,0,0,0
0,412,602,30264,0,4,0,0
0,0,0,3,0,0,0,0
0,0,3,3,0,0,0,1
0,0,0,0,0,1,0,0
0,0,0,2,0,0,0,0
0,0,1,3,0,0,0,0
0,0,0,0,0,4,0,0
0,0,163,28690,0,1,0,0
0,0,0,0,0,1,0,0
1,0,1,2,0,0,0,0
0,0,9,109,0,1,0,0
0,0,7,3,0,0,0,0
0,0,1,1,0,1,0,0
0,0,518,10201,1,0,1,0
0,0,3,2,0,5,0,0
0,0,1,3,0,0,0,0
0,0,11,1465,0,1,3,0
0,0,8,3,0,1,0,0
0,0,0,2,0,1,0,0
0,0,0,1,0,0,0,0
0,0,210,33255,0,1,1,1
0,0,0,3,1,0,0,0
0,0,1,1,0,0,0,0
0,0,5,3,0,0,0,0
0,0,0,522,0,1,0,5
0,0,0,3,0,1,0,0
0,0,0,0,0,0,0,0
0,0,0,1025,0,1,1,0
1,0,1,1,0,0,0,0
0,0,0,3,0,0,0,0
0,0,0,13,0,1,1,8
0,0,17,3,0,1,0,0
0,0,0,1,0,1,0,0
0,0,0,1,0,0,0,1
0,0,2,3,0,0,0,0
0,0,29,2525,0,1,2,3
0,0,63,17069,0,3,1,0
0,0,5,2,0,0,0,0
0,0,6,3,0,0,0,0
0,0,3,2,0,1,0,0
1,0,8,101,0,0,0,0
0,0,0,3,0,1,0,0
0,0,7,2075,0,1,0,0
0,0,8,2932,0,1,0,0
1,0,1,3,0,0,0,0
0,0,0,3,0,1,0,0
0,0,1,3,0,0,0,0
0,0,27,87,0,5,0,0
0,0,10,1,0,1,0,0
0,0,15,3,0,2,0,0
0,0,24,1431,0,1,0,0
0,0,5,2,0,1,0,0
1,0,9,3,0,0,0,1
0,0,170,2342,0,1,2,0
0,0,108,1783,0,1,0,0
0,0,8,3,0,1,0,0
0,0,0,1,0,0,0,1
0,0,13,3,0,0,0,0
0,0,0,0,0,2,0,0
0,0,11,3,0,0,1,1
0,0,18,2,0,1,0,0
0,0,7,3,0,0,0,0
0,0,0,2,0,0,0,0
0,0,6,3,0,1,0,1
0,0,0,1,0,0,0,0
0,0,16,3,0,1,0,0
0,0,9,2275,0,1,0,0
0,0,0,3,0,0,0,1
0,0,1,120,0,1,0,0
0,0,5,1,0,1,0,0
0,0,0,2,0,0,0,0
0,0,0,3,0,0,0,0
0,0,0,3,0,0,0,0
0,0,10,2,0,0,0,0
0,0,54,25379,0,1,0,0
0,0,0,3,0,0,0,1
1,0,2,6,0,0,0,0
0,0,7,3,0,1,0,0
1,0,13,3,0,0,0,0
1,0,0,26,0,0,0,0
0,0,1,3,0,0,0,0
0,0,49,6279,0,1,0,0
1,0,19,3,0,0,0,0
0,0,10,901,1,0,0,2
0,0,0,2,0,0,0,0
0,0,4,1888,0,0,0,0
1,0,0,3,0,0,0,0
0,0,0,3,0,0,0,0
0,0,9,11,0,0,0,0
0,0,0,2,1,0,0,0
0,0,1,3,0,1,0,0
0,0,89,14048,0,1,0,0
1,0,2,6,0,0,0,0
0,0,1,1,0,1,0,1
0,0,1,1,0,1,0,1
0,0,0,130,0,0,0,0
0,0,0,0,0,0,0,0
0,0,0,3,0,0,0,0
0,0,321,33314,0,1,1,0
0,0,1,1,0,1,0,1
0,0,0,3,0,0,0,0
0,0,50,3678,0,1,2,1
0,0,0,2,0,0,0,1
0,0,0,3,0,0,0,0
0,0,4,88,1,0,1,0
0,0,0,2,0,1,0,0
0,0,0,5,1,0,0,0
0,0,743,50150,0,4,2,0
0,0,1,2,0,0,0,0
0,0,0,3,0,0,0,0
0,0,89,6684,0,0,0,0
0,0,9,1,0,0,0,0
0,0,0,1,0,5,0,0
0,0,3,3,0,0,0,0
0,0,3,3,0,1,0,1
0,0,5,3,0,1,0,0
0,0,0,3,0,1,0,0
0,0,1,3,0,0,0,0
0,0,7,1,0,0,0,0
0,0,20,5526,0,1,2,0
0,0,3,3,0,5,0,0
0,0,0,0,0,0,0,0
0,0,25,2,0,1,0,0
0,0,83,5461,0,1,1,0
0,0,0,1,0,0,0,1
0,0,0,2,0,0,0,0
0,0,8,3,0,1,0,0
0,0,0,3,0,1,0,0
0,0,21,3,0,1,0,0
0,0,0,0,0,4,0,0
0,0,1,3,0,0,0,0
0,0,1,1,0,0,0,1
0,0,0,26,0,0,0,2
0,0,3,1,0,0,0,0
0,0,0,1,0,1,0,0
0,0,12,1964,0,1,0,0
0,0,17,6026,0,1,0,0
0,0,0,1,0,0,0,0
0,1,9,3,0,1,0,0
0,0,0,2,0,0,0,0
0,0,4,88,1,0,1,0
0,0,10,1166,0,1,1,0
1,0,0,1,0,0,0,0
0,0,0,1,0,0,0,2
0,952,1958,195904,0,1,0,0
0,0,16,3,1,0,0,2
0,0,11,2,0,1,0,0
0,0,0,1,0,0,0,0
0,0,0,2,0,0,0,0
0,0,0,2,0,0,0,0
0,0,1585,114929,0,1,4,2
0,0,21,3608,0,1,3,0
0,0,0,51,0,1,0,0
0,0,0,928,0,1,1,0
0,0,0,0,0,5,0,0
0,0,0,3,0,0,0,0
0,0,23,8056,0,1,0,0
1,0,94554,4418919,0,1,0,0
1,0,1,2,0,0,0,0
0,0,693,10552,1,0,0,0
0,0,0,3,0,0,0,0
0,0,0,2,0,0,0,0
0,0,0,2,0,0,0,0
0,0,0,3,0,0,0,0
0,0,1,6,0,0,0,0
0,0,0,9,0,1,0,0
0,0,8,12,0,0,0,0
1,0,0,3,0,0,0,1
0,0,6,1,0,1,0,0
0,0,7,1,0,5,0,0
0,0,5,3,0,0,0,0
0,0,0,3,0,0,0,0
0,0,1,2,0,1,0,0
0,0,0,3,0,1,0,0
1,0,5,1,0,0,0,1
0,0,0,3,0,0,0,0
0,0,2,3,0,1,0,0
0,0,6,3,0,0,0,1
0,0,0,3,0,0,0,0
0,0,5,3,0,1,0,0
0,0,1,1,0,0,0,0
0,0,10,901,1,0,0,2
1,0,2,3,0,0,0,1
0,0,0,7,0,0,0,0
1,0,1,20,0,0,0,0
0,0,0,2,0,1,0,0
0,0,649,54025,0,1,1,0
0,0,0,56,0,0,0,0
0,0,108,1783,0,1,0,0
0,0,0,2,0,0,0,0
0,0,15,3439,0,1,0,0
0,0,0,3,0,1,0,0
0,0,1,1,0,0,0,0
0,0,3,3,0,0,0,0
0,0,0,1,0,0,0,2
0,0,1,3,0,2,0,0
0,0,15,47,0,1,0,0
0,0,2,92,0,1,1,0
0,0,8,3,0,1,0,0
0,0,30,317,0,1,0,0
0,0,0,2,0,0,0,0
0,0,3,1,0,0,0,0
0,0,1,3,0,0,0,0
0,0,0,0,0,0,0,0
0,0,1,1,0,0,0,1
0,0,7,76,0,3,0,0
0,0,5,3,0,0,0,0
0,0,0,8,0,0,0,0
1,0,1,1,0,0,0,1
0,0,7,458,0,1,0,0
0,0,6,3,0,1,0,0
0,0,0,2,0,0,0,0
0,0,0,1,0,0,0,0
0,0,0,3,0,0,0,2
0,0,22,3042,0,1,1,0
0,0,0,3,0,0,0,0
0,0,20,1209,0,1,0,0
0,0,14,3,0,1,0,0
0,0,0,2,0,0,0,0
0,0,0,2,0,0,0,1
0,0,0,3,0,1,0,0
0,0,0,2,0,1,0,0
0,0,0,2,0,1,0,0
0,0,35,426,0,1,3,1
0,0,0,3,0,0,0,0
0,0,7,3,0,1,0,0
0,0,27,3,0,0,0,0
0,0,1,1,0,5,0,0
0,0,0,2,0,1,0,0
0,0,5,3,0,0,0,1
0,0,10,1,0,1,0,0
0,13,13,1209,0,1,0,0
0,0,6,1,0,0,0,0
0,0,3,1,0,1,0,2
0,0,0,7,0,0,0,0
0,0,1,3,0,1,0,0
0,0,0,2,0,0,0,0
0,0,0,1,0,0,0,0
0,0,2,111,0,0,0,0
0,0,24,7698,0,1,0,0
0,0,0,2,0,1,0,0
0,0,0,3,0,1,0,0
0,0,192,71941,0,1,0,0
0,0,0,3,0,1,0,0
0,0,0,2,0,2,0,0
0,0,0,60,0,0,0,0
0,0,1,1,0,0,0,0
0,0,0,1,0,0,0,0
0,22,18,3038,0,1,0,0
0,0,0,24,0,1,0,0
0,0,0,3,0,0,0,0
0,0,90,34672,0,1,0,0
0,0,1,1,0,0,0,0
0,0,2,3,0,2,0,0
0,0,105,28738,0,1,1,0
0,1,8,1,0,1,0,0
0,0,1,3,0,5,0,0
0,0,1109,44049,0,1,0,0
0,0,18,1339,0,1,0,0
0,0,125,11559,0,1,0,0
0,0,6,2,0,0,0,1
0,0,0,10,0,0,0,0
0,0,461,8311,1,0,1,0
0,0,20,1041,0,3,3,0
1,0,0,3,0,0,0,1
0,0,5,2,0,1,0,0
0,0,0,0,0,0,0,0
0,0,132,7475,0,1,0,0
0,0,11,1,0,0,0,0
0,0,1,3,0,0,0,1
0,0,24,393,0,1,0,0
0,0,18,2279,0,1,1,0
0,0,0,3,0,0,0,0
1,0,23,1,0,0,0,0
0,0,2,2,0,0,0,0
0,0,0,4,0,0,0,0
0,0,72,22335,0,1,1,0
0,0,0,1,0,0,2,0
0,0,11,3,0,0,1,1
0,0,8,1,0,0,0,0
0,0,11,3,0,0,1,1
0,0,1,3,0,0,0,0
0,0,98,6055,0,0,0,0
1,0,2,3,0,0,0,0
0,0,0,1,0,1,0,1
0,0,1,3,0,1,0,0
0,0,1,3,0,0,0,1
0,0,0,1,0,0,0,0
1,0,5,3,0,0,0,0
0,0,11,3,0,0,1,1
1,0,5,3,0,0,0,0
0,0,5,2,0,0,0,0
0,0,3,1,1,0,0,0
0,0,0,15,0,0,0,0
1,0,0,3,0,0,0,0
0,0,0,1,0,1,0,0
0,0,0,1,0,0,0,0
0,0,1018,110772,0,1,0,0
1,0,8,95,0,0,0,0
0,0,98,6917,0,1,0,0
0,0,138,29346,0,1,0,0
0,0,1,2,0,1,0,0
1,0,2,95,0,1,0,0
0,0,2,375,0,0,0,0
1,0,0,3,0,0,0,0
0,0,0,1,0,1,0,0
0,0,0,1,0,0,0,0
0,0,20,3872,0,1,0,0
0,0,8,1,0,1,0,0
0,0,3,2,0,1,0,0
0,0,3,3,0,1,0,0
0,0,1,3,0,0,0,2
0,0,0,284,0,0,0,0
0,0,1869,106394,1,0,2,0
0,0,5,3,0,2,0,0
0,0,65,4698,0,1,1,0
0,0,0,3,0,0,0,0
0,0,9,3,0,0,0,0
0,0,2,3,0,1,0,0
0,0,0,22,0,0,0,1
0,0,0,16,0,1,0,1
0,0,3,76,0,1,0,1
0,0,15,1,0,4,0,0
0,0,0,3,0,0,0,0
0,0,0,3,0,0,0,0
0,0,1,3,0,1,0,0
0,0,30,7572,0,1,0,0
0,0,8,1,0,1,0,0
0,0,1,1,0,0,0,0
0,0,2,3,0,0,0,1
0,0,7,3,0,1,0,0
0,0,4,1889,0,0,0,0
0,0,0,18,0,0,0,2
0,0,0,1,0,0,0,0
0,0,12,1,0,0,0,0
0,0,4,2,0,0,0,0
0,0,0,1,0,1,0,0
0,0,1,2,0,0,0,0
0,0,0,4,0,0,0,0
0,0,1,3,0,1,0,0
0,0,1,3,0,1,0,0
0,0,0,1,0,0,0,0
0,0,29,5070,0,1,0,0
0,0,19,1,0,0,0,0
0,0,0,3,0,0,0,1
0,0,9,3,0,4,0,0
0,0,5,3,0,0,0,0
1,0,1,1,0,0,0,0
0,0,0,2,1,0,0,0
0,0,5,1,0,1,0,0
0,0,0,2,0,1,0,0
0,0,1,1,0,0,0,0
0,0,2,3,0,0,0,0
0,0,7,3,0,1,0,0
0,0,28,7435,0,1,0,2
0,0,17,3,0,1,0,0
0,0,6,76,0,0,0,0
0,0,3,1,0,1,0,0
1,0,0,2,0,0,0,0
0,0,30,1663,0,1,2,0
0,0,0,2,0,0,0,1
0,0,6,3,0,4,0,0
0,0,9,2,0,1,0,0
0,0,0,3,0,0,0,0
0,0,69,4725,0,2,0,0
0,0,0,0,0,2,0,0
0,0,0,3,0,0,0,0
0,0,0,0,0,0,0,0
0,0,8,87,0,1,0,0
0,0,0,2,0,0,0,0
0,0,1,3,0,1,0,0
0,0,0,3,0,0,0,0
0,0,6,3,0,1,0,0
0,0,3,2,0,0,0,0
0,0,321,33328,0,1,1,0
0,0,2,3,0,2,0,0
0,0,1,1,0,1,0,0
0,0,11,64,0,2,0,0
0,0,100,1777,0,1,0,0
0,0,89,6684,0,0,0,0
0,0,100,1777,0,1,0,0
0,0,0,1,0,0,0,0
0,0,21,3,0,1,0,0
0,0,100,1777,0,1,0,0
0,0,14,8608,0,1,0,0
0,0,0,24,0,0,0,0
0,0,31,156,0,2,0,0
0,0,1,1,0,0,0,0
0,0,2,25,0,0,0,0
0,0,0,3,0,1,0,0
0,0,0,3,0,0,0,0
1,0,2,1,0,2,0,0
0,0,0,3,0,0,0,0
0,0,0,3,0,0,0,0
0,0,0,3,0,1,0,0
0,0,0,2,0,0,0,0
0,0,0,33,0,0,0,0
0,0,0,0,0,1,0,0
0,0,11,2,0,1,0,0
0,0,7,2,0,1,0,0
1,0,1,3,0,0,0,0
0,0,66,7536,0,1,1,0
0,0,0,1,0,0,0,0
0,0,4,298,0,1,0,0
0,0,0,1,0,0,0,0
0,0,0,1,0,0,0,0
0,0,15,3,0,1,0,0
0,0,0,3,0,5,0,0
0,0,0,6,0,1,0,0
0,0,0,0,0,0,0,0
0,0,0,933,0,1,1,0
0,0,0,0,0,2,0,0
0,0,0,2,0,0,0,0
1,0,94555,4418997,0,1,0,0
0,0,0,2,0,0,0,0
0,0,31,8869,0,1,0,0
0,0,0,2,0,0,0,0
0,0,3,2,0,0,0,0
0,0,0,3,0,0,0,0
0,0,5,2,0,0,0,0
1,0,7,2,0,0,0,0
0,0,10,17,0,1,0,0
0,0,0,220,1,0,1,7
0,0,46,1378,0,1,0,0
0,0,3,33,0,3,1,0
0,0,11,5,0,1,0,0
0,0,1,3,0,5,0,0
0,0,1,2,0,1,0,1
0,0,14,2,0,0,0,0
0,0,5,1,0,0,0,0
0,1,15,3,0,1,0,0
0,0,0,0,0,1,0,0
0,0,0,70,0,1,0,1
0,0,0,0,0,2,1,0
0,0,0,1,0,0,0,0
0,0,0,1,0,0,0,0
0,0,119,30169,0,1,0,1
0,0,0,25,0,0,0,0
0,0,0,0,0,1,1,0
0,0,1,21,0,0,0,0
0,0,0,3,0,0,0,0
0,0,0,186,0,2,1,0
0,0,2,3,0,1,0,0
0,0,0,10,0,0,0,0
0,0,1,3,0,1,0,0
0,0,6,1,0,0,0,0
0,0,2,29,0,1,0,0
0,0,0,3,0,0,0,0
0,0,189,34093,0,1,1,0
0,0,0,3,0,0,0,0
1,0,16,3,0,0,0,0
0,0,2255,58636,0,1,0,0
0,0,10,3,0,1,0,0
0,0,38,1436,0,1,0,0
0,0,2,444,0,1,0,0
0,0,24,7698,0,1,0,0
0,0,6,3,0,0,0,1
0,0,1,2,0,1,0,0
0,0,0,2,0,1,0,0
1,0,1,2,0,0,0,0
0,0,7,3,0,1,0,0
0,0,8,2,0,0,0,0
0,0,13,2,0,1,0,1
0,0,2255,58636,0,1,0,0
0,0,8,1,0,1,0,0
0,0,3,1,0,1,0,0
0,0,216,10781,1,0,1,0
0,0,0,0,0,0,0,0
0,0,16,3,1,0,0,2
0,0,5,56,0,0,0,1
0,0,0,3,0,0,0,0
0,0,0,3,0,0,0,0
0,0,0,3,0,0,0,0
0,0,15,1,0,0,0,0
0,0,8,3,0,1,0,1
0,0,1,1,0,1,0,1
0,0,0,3,0,1,0,0
0,0,86,13602,0,1,0,7
0,0,0,1,0,1,0,0
0,0,0,5,0,0,0,0
1,0,0,2,0,0,0,0
0,0,6,3,0,0,0,0
0,0,0,1,0,0,0,0
0,0,105,63272,0,1,0,0
0,0,0,0,0,2,0,0
0,0,56,5206,0,1,0,0
0,0,1,1,0,0,0,0
0,0,647,49979,0,2,0,0
0,0,9,385,0,1,0,0
0,0,1,3,0,1,0,0
0,0,0,0,0,0,0,0
0,0,4416,524499,0,1,0,0
0,0,1,1,0,0,0,1
0,0,0,3,0,0,0,1
0,0,8,3,0,0,0,0
0,0,7,3,0,4,0,0
0,0,0,23,0,1,0,0
0,0,0,33,0,0,0,0
1,0,3,3,0,0,0,0
0,0,0,2,0,1,0,0
1,0,0,1,0,0,0,0
0,0,0,1,0,1,0,0
0,0,11,1,0,1,0,0
0,0,42,8992,0,1,0,0
0,0,0,2,0,0,0,0
0,0,0,119,0,1,1,0
0,0,14,3,0,0,0,1
0,0,0,56,0,0,0,0
0,0,0,74,0,1,1,0
0,0,4,507,0,1,0,1
0,0,2,242,0,1,0,0
0,0,0,1,0,0,0,1
0,0,0,188,0,1,1,0
0,0,0,0,0,1,0,0
0,0,0,10,0,0,0,0
0,0,69,8482,0,1,0,3
0,0,3,24,0,0,0,1
0,0,0,3,0,1,0,0
0,0,0,3,0,0,0,0
0,0,8,1,0,1,0,0
0,0,1,2,0,1,0,0
0,0,10,954,0,1,4,0
0,0,15,3,0,1,0,0
0,0,0,175,0,1,0,0
0,0,1,1,0,1,0,0
0,0,0,3,0,0,0,0
0,0,1,13,0,0,0,0
0,0,0,3,0,0,0,0
0,0,28,3394,0,2,0,0
0,0,11,124,0,0,0,0
1,0,0,1,0,0,0,0
0,0,0,13,0,1,0,0
1,0,0,1,0,0,0,0
0,0,5,3,0,1,0,0
1,0,1,3,0,0,0,1
0,0,0,32,0,1,0,0
0,0,6,1,0,0,0,0
0,0,0,3,0,1,0,1
0,0,5,3,0,0,0,0
0,0,9,3,0,1,0,1
0,0,1,3,0,1,0,0
0,0,0,1,0,0,0,0
0,0,38,1078,0,4,0,0
0,0,21,4786,0,1,0,0
1,0,0,1,0,0,0,0
0,0,1,1,0,1,0,0
0,0,0,1722,0,4,0,0
0,0,0,3,0,0,0,0
0,0,7,1,0,5,0,0
0,0,752,50610,0,4,2,0
0,0,2,3,0,1,0,0
0,0,0,86,0,0,0,0
0,0,100,18216,0,1,1,0
0,0,1,2,0,1,0,0
0,0,0,12,0,0,0,1
0,0,7,93,0,1,0,0
0,0,7,3,0,0,0,0
0,0,0,154,0,2,0,0
0,0,1,91,0,0,0,0
0,0,1,3,0,1,0,0
0,0,38,3,0,1,0,1
0,0,0,49,0,1,0,0
0,0,9,3,0,1,0,1
0,0,16,13009,0,1,0,2
0,0,327,44141,0,1,0,0
0,0,6,3,0,1,0,0
0,0,1,3,0,1,0,1
0,0,1,2,0,0,0,0
0,0,3,1,0,1,0,0
0,0,2,144,0,0,0,0
0,0,5,1,0,0,0,0
0,0,401,13421,0,2,0,0
0,0,0,1,0,0,0,0
0,0,0,1,0,0,0,0
0,0,0,1,0,0,0,0
0,0,0,1,0,0,0,0
0,0,2,21,0,4,0,1
0,0,83,5465,0,1,1,0
0,0,0,0,0,0,0,0
0,0,0,1,0,0,0,0
0,0,12,2,0,0,0,0
0,0,0,3,0,1,0,1
0,0,23,1189,0,1,0,0
0,0,0,3,0,0,0,0
0,0,0,0,0,1,0,0
0,0,0,8,0,0,0,0
0,0,6,1,0,1,0,0
0,0,1,3,0,1,0,0
0,0,18,1,0,0,0,0
0,0,5,3,0,1,0,0
0,0,252,9980,0,1,0,0
0,0,1,22,0,4,0,0
0,0,0,1,0,1,0,0
0,0,1,3,0,0,0,0
0,0,0,0,0,1,0,0
0,0,1,50,0,0,0,0
0,0,0,0,0,1,0,0
0,0,0,3,0,0,0,0
0,0,0,0,0,0,0,0
0,0,8,2,0,1,0,0
0,0,5,1,0,1,0,0
0,0,1,2,0,1,0,0
0,0,0,0,0,0,0,0
0,0,0,3,0,5,0,0
0,0,38,1436,0,1,0,0
0,0,0,0,0,0,0,0
0,0,0,0,0,2,0,0
0,0,0,1,0,0,0,0
0,0,0,125,0,0,0,0
0,0,0,125,0,0,0,0
1,0,5,2,0,0,0,0
0,0,1,3,0,0,0,0
0,0,0,11,0,0,0,0
1,0,5,2,0,3,0,0
0,0,1,49,0,1,0,0
0,0,0,0,1,0,0,0
0,0,15,2,0,1,0,0
0,0,1,138,0,0,0,0
0,0,8,3,0,1,0,1
0,0,20,2,0,1,0,0
0,0,0,2,0,0,0,0
0,0,0,3,0,1,0,0
0,0,1,2,0,1,0,0
0,0,8,3,0,1,0,0
0,0,812,5707,1,0,1,0
0,0,6,6,0,5,0,0
0,0,218,30470,0,1,6,0
0,0,218,30470,0,1,6,0
0,0,0,1,0,1,0,1
0,0,0,0,0,0,0,0
0,0,0,2844,0,1,0,0
0,0,6,1,1,0,0,4
0,0,17,3,0,1,0,0
0,0,0,0,0,0,0,0
0,0,99,5330,0,1,0,3
0,0,0,0,0,0,0,0
0,0,0,0,0,0,0,0
0,0,0,0,0,0,0,0
0,0,761,144404,0,1,0,0
0,0,0,0,0,0,0,0
0,0,0,0,0,0,0,0
0,0,0,0,0,1,0,0
0,0,0,1037,0,1,1,0
0,0,1,9,0,0,0,0
0,0,10561,454006,0,1,0,0
0,0,0,0,0,0,0,0
0,0,0,0,0,0,0,0
0,0,0,0,0,0,0,0
0,0,0,0,0,0,0,0
0,0,0,0,0,0,0,0
0,0,0,0,0,0,0,0
0,0,0,0,0,1,0,0
0,0,0,0,0,1,0,0
0,0,0,2,0,0,0,0
0,0,0,0,0,1,0,0
0,0,10,3,0,1,0,2
0,0,0,0,0,1,0,0
0,0,0,0,0,1,0,0
0,0,0,3,0,1,0,0
0,0,0,0,0,1,0,0
0,0,3,3,0,0,0,0
0,0,5,2,0,1,0,0
0,0,0,0,0,1,0,0
0,0,6,1,0,0,0,0
0,0,0,0,0,1,0,0
0,0,1,3,0,1,0,0
0,0,0,0,0,1,0,0
1,0,0,0,0,0,0,0
0,0,8,1,0,0,0,0
0,0,0,0,0,1,0,0
0,0,0,1,0,1,0,0
0,0,16,3,0,0,0,0
0,0,0,0,0,1,0,0
0,0,12,3,0,1,0,0
0,0,10,2,0,0,0,2
0,0,0,0,0,1,0,0
0,0,5,3,0,0,0,0
0,0,21,3505,0,1,0,0
0,0,78,6117,1,0,2,4
0,0,0,0,0,1,0,0
0,0,1,16,0,0,0,0
0,0,0,0,0,1,0,0
0,0,0,1,0,1,0,0
0,0,5,3,0,0,0,0
0,0,0,0,0,1,0,0
0,0,7,3,0,2,0,0
0,0,0,0,0,1,0,0
0,0,0,0,0,1,0,0
0,0,0,0,0,1,0,0
0,0,3,3,0,0,0,1
0,0,3,3,0,0,0,1
0,0,0,8,0,1,0,0
0,0,2,3,0,0,0,0
0,0,0,0,0,1,0,0
0,1,6,3,0,5,3,0
0,0,20,3,0,1,0,1
0,0,12,3,0,1,0,0
0,0,0,258,0,1,0,0
0,0,0,13,0,1,0,0
0,0,0,0,0,1,0,0
0,0,0,0,0,1,0,0
0,0,7,3,0,0,0,0
0,0,14,3,0,1,0,0
0,0,7,3,0,0,0,0
0,0,0,33,0,0,0,0
0,0,0,61,0,0,0,0
0,0,0,1,0,0,0,0
0,0,0,1,0,0,0,0
1,0,1,3,0,0,0,0
0,0,11,3,0,0,0,0
0,0,1497,13080,1,0,2,0
0,0,0,1,0,0,0,0
0,0,0,1,0,0,0,1
0,0,0,3,0,2,0,0
0,0,126,17765,0,1,0,0
0,0,7,3,0,4,0,0
0,0,674,28223,1,0,0,0
0,0,218,33261,0,1,0,0
0,0,0,1,1,0,0,0
0,0,1,3,0,0,0,0
0,0,12,3,0,0,0,0
0,0,17,3,0,0,0,0
0,0,0,1,0,1,0,0
0,0,16,1,0,1,0,0
0,0,0,9,0,5,0,0
0,0,1,3,0,1,0,0
0,0,1,3,0,0,0,0
0,0,31,1,0,1,0,0
0,0,0,3,0,0,0,0
0,0,1,1,0,0,0,0
0,0,17,2,0,1,0,0
0,0,0,1,0,0,0,0
0,0,1,2,0,0,0,0
0,0,6,3,0,0,0,0
0,0,1,3,0,1,0,0
0,0,1,3,0,4,0,0
0,0,4481,110436,0,1,1,0
0,0,13,3,0,0,0,0
0,0,17,3,0,2,0,0
0,0,1,3,0,0,0,1
1,0,24,1,0,5,0,0
0,0,0,3,0,0,0,2
0,0,8,3,0,0,0,0
0,0,0,3,0,0,0,0
1,0,1,2,0,0,1,1
0,0,8,3,0,0,0,0
0,0,1,3,0,1,0,1
0,0,0,2,0,0,0,0
0,0,23,958,0,1,0,0
0,0,13,1,0,5,0,0
0,0,0,0,0,1,0,0
0,0,0,0,0,1,0,0
1,0,0,1,0,0,0,2
0,0,1,3,0,0,0,0
0,0,0,0,0,1,0,0
0,0,0,1,0,1,0,0
0,0,1,1,0,0,0,1
0,0,95,14601,0,1,0,1
0,0,0,2,0,0,0,0
0,0,7,3,0,0,0,0
0,0,0,0,0,1,0,0
0,0,1,1,0,0,0,0
0,0,7,1,0,1,0,0
0,0,0,1,0,0,0,0
0,0,0,0,0,1,0,0
0,0,8,2,0,0,0,0
0,0,6,372,0,1,1,0
0,0,1493,7624,1,0,1,0
0,0,1,3,0,0,0,0
0,0,0,3,0,0,0,0
0,0,5,78,0,2,0,0
0,0,0,33,0,0,0,0
0,0,9,3,0,0,0,0
0,0,0,28,0,1,0,4
0,0,0,34,0,0,0,0
0,0,0,1,0,3,0,0
0,0,5,485,0,1,0,0
0,0,1,1,0,0,0,0
0,0,0,0,0,1,0,0
0,0,1,2,0,0,0,0
0,0,0,0,0,1,0,0
0,0,0,0,0,1,0,0
0,0,12,1,0,0,0,0
0,0,2,1,0,0,0,0
0,0,9,11,0,0,0,0
0,0,18,3,0,0,0,2
0,0,3,128,0,0,0,0
0,0,1105,149366,0,4,2,1
0,0,0,104,0,0,0,1
0,0,0,5,1,0,0,0
0,0,0,3,0,1,0,0
0,0,8,3,0,1,0,0
0,0,0,3,0,0,0,0
0,0,0,1,0,1,0,0
0,0,0,46,0,0,0,1
0,0,0,3,0,1,0,0
1,0,42,2,0,2,0,0
0,0,11,1,0,1,0,0
0,0,9,1,0,3,0,0
0,0,0,1,0,1,0,0
0,0,11,3,0,1,0,0
0,0,23,1377,0,3,0,0
0,0,0,2,0,1,1,0
0,0,0,10,0,1,0,0
0,0,5,1,0,1,0,0
0,0,0,1,0,2,0,0
0,0,0,3,1,0,0,0
0,0,0,17,0,1,0,0
0,0,126,29952,0,4,1,0
0,0,1,6,1,0,0,0
0,0,0,15,0,1,0,0
0,0,199,3883,1,0,0,0
0,0,0,82,0,1,0,0
0,0,11,20,1,0,0,0
0,0,1,3,0,1,0,0
0,0,5,70,0,0,0,2
0,0,0,2,0,1,0,0
0,0,1,3,0,1,0,0
0,0,0,1,0,1,0,0
0,0,0,1,0,1,2,0
0,0,0,3,0,1,0,4
0,0,0,4,0,1,0,2
0,0,2,6,0,1,0,1
0,0,1,6,0,1,0,0
0,457,181,12089,0,1,1,0
0,0,1,2,0,1,0,0
0,0,10,268,0,1,0,0
0,0,0,3,0,1,0,0
0,0,11,3,0,0,0,1
0,0,0,3,0,0,0,0
1,0,5,21,0,1,0,0
0,0,1,3,0,0,0,0
0,0,6,2,0,1,0,0
0,0,36,537,0,4,1,1
0,0,2,3,0,1,0,0
0,0,1,2,0,0,0,0
0,0,3,1,0,1,0,0
0,0,5,3,0,1,0,0
0,0,0,1,0,1,0,0
0,0,2,3,0,1,0,0
0,0,10,3,0,1,0,0
0,0,0,126,0,0,0,1
0,0,1,1,0,1,0,0
0,0,0,0,0,2,0,0
0,0,0,0,0,1,0,1
0,0,0,14,0,1,0,0
0,0,1,4,0,1,0,0
0,0,6,295,0,1,0,0
0,0,0,15,0,1,0,0
0,0,12,27,0,0,0,0
0,0,0,1,0,1,0,0
0,0,0,119,0,0,0,0
0,0,0,11,0,0,0,0
0,0,6,1,0,1,0,0
0,0,5,2,0,0,0,0
0,0,0,3,0,1,0,1
0,0,0,14,0,1,0,0
0,0,1,3,0,1,0,0
0,0,0,2,0,1,0,0
0,0,0,116,0,0,0,0
0,0,1,3,0,5,0,0
0,0,8,3,0,1,0,0
0,0,0,1,0,3,0,0
0,0,11,3,0,4,0,0
0,0,6,3,0,1,0,0
0,0,0,0,0,1,0,0
0,0,10,1,0,0,0,0
0,0,2,2,0,5,0,0
0,0,0,1,0,1,0,0
0,0,0,1,0,1,0,0
1,0,1,17,0,0,0,0
0,0,3,3,0,1,0,1
0,0,0,0,0,2,0,0
0,0,11,3,0,1,1,0
0,0,1,1,1,0,0,0
1,0,0,1,0,0,0,0
0,0,594,13435,0,1,0,8
0,0,11286,181619,0,1,1,0
0,0,0,0,0,2,0,0
0,0,3842,575067,0,1,0,0
0,0,3,1,0,1,0,0
0,0,3269,176072,0,1,0,0
0,0,24,10574,0,1,1,0
0,0,0,0,0,2,0,0
0,0,8,3,0,0,0,0
0,0,83,1926,0,1,0,0
0,0,7687,232690,0,1,1,0
0,0,0,0,0,0,0,0
0,0,0,2,1,0,0,0
0,0,54,4154,0,4,0,0
0,0,172,150059,0,1,0,2
0,0,9,1,0,3,0,0
0,0,2,3,1,0,0,0
0,0,1,1,0,0,0,0
0,0,0,3,0,1,1,0
0,0,1647,11641,0,1,0,5
0,0,3,1,0,1,0,0
0,0,3,30,0,1,0,0
0,0,1,16,0,1,0,0
0,0,2,3,0,5,0,0
0,0,13,3,0,5,3,0
0,0,9,2,0,1,0,0
0,0,310,37431,0,4,0,3
0,0,1,1,0,1,0,0
0,0,0,1,0,1,0,0
0,0,0,3,0,1,0,0
0,0,1,1,0,0,0,0
0,0,50983,1403338,0,1,0,0
0,0,1,1,0,1,0,0
0,0,1,1,0,1,0,0
0,0,5,1,0,1,0,0
0,0,1,3,0,1,0,0
0,0,10,3,0,1,0,0
0,0,63,26753,0,1,0,0
0,0,3,3,0,1,0,0
0,0,1583,131051,0,1,1,0
0,0,85,58115,0,1,0,0
0,0,1,3,0,0,0,2
0,0,1,1,0,0,0,0
0,0,1,1,0,1,0,0
0,0,268,44678,0,4,0,3
0,0,1,3,0,0,0,0
0,0,0,0,0,5,0,0
0,0,7,3,0,0,0,1
0,0,0,3,0,1,0,0
0,0,1,1,0,0,0,1
0,0,12160,1010866,0,1,0,0
0,0,7,3,0,2,0,0
0,0,0,1,0,1,0,0
0,0,416,23906,0,1,0,1
0,0,7,3,0,1,0,0
0,0,3,1,0,4,0,0
0,0,57,851,0,1,0,0
0,0,191,21258,0,2,0,2
0,0,3,3,0,1,0,0
0,0,7,3,0,0,0,0
0,0,0,4,0,0,0,0
0,0,526,103145,0,1,7,0
1,0,16166,234411,0,1,0,0
0,0,173,53605,0,1,0,0
0,0,0,3,0,1,0,0
1,0,0,1,0,1,0,0
0,0,0,1,0,1,0,0
0,0,48,12343,0,1,1,0
0,0,0,9,0,1,0,4
0,0,0,3,0,1,0,0
0,0,0,3,0,3,0,0
0,0,0,0,0,1,0,0
0,0,0,0,0,1,0,0
0,0,0,0,0,1,0,0
0,0,0,0,0,1,0,0
0,0,0,0,0,1,0,0
0,0,390,81288,0,2,0,0
0,0,93,17249,1,0,0,1
0,0,0,3,0,1,0,0
0,0,54,11682,0,4,0,0
0,0,0,2,0,1,0,0
0,0,308,26741,0,3,0,5
0,0,0,2,0,1,0,0
0,0,0,2,0,1,0,0
0,0,0,71,0,1,0,0
0,0,0,0,0,2,0,0
0,0,2,1,0,1,0,0
0,0,0,1,0,1,0,0
0,1,1,1,0,1,0,0
0,0,0,3,0,1,0,0
0,0,116,11853,0,1,0,0
0,0,0,0,0,2,0,0
0,0,71,55358,0,1,0,0
0,0,150,2778,1,0,2,0
0,0,0,3,0,1,0,0
0,0,948,144078,0,1,0,3
0,0,0,0,0,0,0,0
0,0,0,14,0,1,0,0
0,0,29,2305,0,1,1,0
0,0,31,18105,0,1,0,0
0,0,7,3,0,2,0,0
0,2,27,107,0,1,2,0
0,0,509,93682,0,4,0,3
0,0,179,1242,0,1,0,1
0,0,179,1242,0,1,0,1
0,0,179,1242,0,1,0,1
0,0,16,6402,0,1,0,0
0,0,0,3,0,0,0,0
0,0,0,2,1,0,2,0
0,0,179,1242,0,1,0,1
0,0,179,1242,0,1,0,1
0,0,1,3,0,1,0,0
0,0,344,13316,0,0,0,0
0,0,23,18527,0,1,0,0
0,0,954,104100,0,1,4,2
0,0,0,146,0,1,1,2
0,0,9,28,0,5,0,0
0,0,2,1,0,1,0,1
0,0,44,17966,0,1,0,0
0,0,243,96314,0,1,1,4
0,0,0,3,0,0,0,1
0,0,215,17084,0,4,0,5
0,0,138,61902,0,1,0,0
0,0,0,0,0,1,0,0
0,0,5,295,0,1,1,0
0,0,0,0,0,2,0,0
0,0,22,3053,0,1,1,0
0,0,0,1,0,1,0,0
0,0,17,3205,1,0,0,0
0,0,48,5104,0,1,0,0
0,0,49,20229,0,1,0,0
0,0,206,5099,0,1,0,0
0,0,0,0,0,0,0,0
0,0,160,10316,0,1,0,1
0,0,2,15,0,0,0,0
0,0,14,3,0,0,0,0
0,0,1,1,1,0,0,0
0,0,6,354,0,2,0,0
0,0,157,9707,0,1,0,1
0,0,3,17,0,5,2,0
0,0,693,111933,0,4,0,3
0,0,11,3,0,1,0,0
0,0,16,24,0,5,2,0
0,0,18,28,0,2,0,0
0,0,174,43033,0,1,6,0
0,0,6,18,0,0,0,0
0,0,8,1292,0,4,0,0
0,0,17,3,0,0,0,0
0,0,0,0,0,0,0,0
0,0,1,4,0,1,0,0
0,0,0,2,0,0,0,0
0,0,0,0,0,1,0,0
0,0,1,1,0,0,4,0
0,0,6,3,0,1,0,0
0,0,24,6183,0,4,1,0
1,0,2,3,0,0,0,0
0,0,0,0,0,1,0,0
0,0,0,0,0,1,0,4
0,0,7001,196645,0,1,4,4
0,0,510,69506,0,4,0,0
0,0,39,108,0,2,2,0
0,0,2,31,0,0,0,0
0,0,1283,108897,0,1,4,0
0,0,5,18,0,0,0,0
0,0,9,8366,0,1,1,0
0,0,0,9,0,0,0,0
0,0,126,30154,0,4,1,0
0,0,3,13,0,1,0,0
0,0,2,16,0,3,0,0
0,0,17,2,0,5,0,0
0,0,1,17,0,0,0,0
0,0,8,19,0,1,0,0
0,0,1,3,0,1,0,0
0,0,0,246,0,1,0,4
0,0,18,2279,0,1,1,0
0,0,0,1,0,1,0,0
0,0,0,0,0,2,0,0
0,0,0,0,0,2,0,0
0,0,0,0,0,2,0,0
0,0,0,5,1,0,0,0
0,0,1067,25436,0,1,0,0
0,0,603,13726,0,1,0,0
0,0,382,25720,0,1,0,0
0,0,10,8180,0,1,0,0
0,0,21553,1023424,0,1,0,0
0,0,50,875,0,1,0,0
0,0,410,136925,0,1,0,0
0,0,321,32419,0,1,0,1
1,0,1,27,0,0,0,1
0,0,16,3,0,1,0,2
0,0,7,3,0,0,0,0
0,0,0,0,0,0,0,0
0,0,7,3,0,0,0,0
0,0,3,3,0,1,0,0
0,0,8,3,0,3,0,0
0,0,7,1,0,1,0,0
0,0,0,11,0,3,0,0
0,0,55,7673,0,1,0,0
0,0,38,6130,0,1,0,0
0,0,10,6159,0,1,0,1
0,0,9,3,0,0,0,0
0,0,0,0,0,0,0,0
0,0,1,3,0,1,0,0
0,0,49,11032,0,1,0,4
0,0,334,54359,0,1,10,0
0,0,0,3,0,1,0,1
0,0,0,17,0,3,0,0
0,0,0,0,0,2,0,0
0,0,21,9057,0,1,0,0
0,0,95,20639,0,1,0,4
0,0,4280,395826,0,1,0,1
0,0,0,0,0,0,0,0
0,0,8,2,0,1,0,0
0,0,32,2169,0,1,0,4
0,0,0,0,0,2,0,0
0,0,7,3,0,1,0,0
0,0,0,14,0,0,0,0
0,0,1,2,0,1,0,0
0,0,6,3651,0,4,0,0
1,0,0,1,0,0,0,0
0,0,48,63473,0,1,1,0
0,0,0,3,0,3,0,0
0,0,1,11,0,0,0,0
0,0,0,2,0,0,0,0
0,0,411,17837,0,1,0,4
0,0,0,0,0,2,0,0
0,0,0,16,0,0,0,0
0,0,61,3648,0,1,1,1
0,0,0,1,0,0,0,0
0,0,3,3170,0,1,0,0
0,0,0,0,0,0,0,0
0,0,178,86345,0,1,0,0
0,0,3,3,0,0,0,0
0,0,0,9,0,0,0,0
0,0,111,9076,0,2,0,1
0,0,0,1,0,0,0,0
0,0,1634,119591,0,1,0,0
0,0,0,20,0,1,0,0
0,1,2,3,0,1,0,0
0,0,0,0,0,0,0,0
0,0,0,2,0,0,0,0
0,0,2,2,0,1,0,0
0,0,1377,42572,0,4,0,0
0,0,688,30144,0,1,0,0
0,0,0,3,0,1,0,0
1,0,1,3,0,0,0,1
0,0,1,2,0,1,0,0
0,0,2,1,1,0,0,0
0,0,90,67680,0,1,1,0
0,0,90,67680,0,1,1,0
0,0,0,1,0,1,0,0
0,0,0,1,0,1,0,0
0,0,0,1,0,1,0,0
0,0,26,7131,0,1,2,1
0,0,19,10686,0,1,1,1
0,0,0,112,0,1,2,5
0,0,42,7133,0,1,0,0
0,0,97,14528,0,1,0,0
0,0,0,1339,0,1,0,0
0,0,8,3,0,3,0,0
0,0,0,0,0,0,0,0
0,0,19,3987,0,1,1,1
0,0,38,2720,0,0,0,0
0,0,1,3,0,0,0,1
0,0,9,2954,0,4,0,4
0,0,1,2,0,0,0,0
0,0,0,0,0,0,0,0
1,0,0,3,0,0,0,0
0,0,4,5929,0,1,0,0
0,0,433,41806,0,1,0,4
0,0,7,3,0,2,0,0
0,0,109,31340,0,1,0,0
0,0,35,11093,0,1,1,0
0,0,0,1,0,0,0,1
0,0,218,64320,0,1,0,0
0,0,0,0,0,0,0,0
0,0,1,2,0,1,0,0
0,0,8,3,0,3,0,0
0,0,8,3,0,3,0,0
0,0,8,3,0,3,0,0
0,0,8,3,0,3,0,0
0,0,19,3987,0,1,1,1
0,0,19,3987,0,1,1,1
1,0,2,3,0,0,0,1
0,0,0,0,0,1,0,0
0,0,8,3,0,3,0,0
0,0,8,3,0,3,0,0
0,0,8,3,0,3,0,0
0,0,8,3,0,3,0,0
0,0,8,3,0,3,0,0
0,0,8,3,0,3,0,0
0,0,11,1442,0,1,0,3
0,0,0,0,0,0,0,0
1,0,2,3,0,0,0,1
0,0,781,68748,0,1,0,0
0,0,781,68748,0,1,0,0
0,0,2,1,0,1,0,3
0,0,781,68748,0,1,0,0
0,0,781,68748,0,1,0,0
0,0,781,68748,0,1,0,0
0,0,781,68748,0,1,0,0
0,0,0,0,0,1,0,0
0,0,0,0,0,1,0,0
0,0,9,758,0,1,0,0
0,0,0,0,0,1,0,0
0,0,0,0,0,1,0,0
0,0,0,0,0,1,0,0
0,0,53,37180,0,1,0,0
0,0,614,28923,0,1,0,1
0,0,3,65,0,1,0,2
0,0,3,3,0,1,0,0
0,0,198,89762,0,1,0,0
0,0,6,745,0,1,0,0
0,0,30,10138,0,1,4,0
0,0,26,5479,0,1,1,1
0,0,159,70635,0,1,0,0
0,20,17,408,0,1,0,0
0,0,9,3,0,1,0,0
0,0,457,2983,0,1,2,0
0,0,1,2,0,1,0,0
0,0,1,3,0,0,0,0
0,0,12,3,0,0,0,1
0,0,18,3,0,1,0,0
0,0,6,3,0,1,0,0
0,0,22,47,0,1,0,0
0,0,6,3,0,1,0,0
0,0,3,3,0,1,0,0
0,0,7,1,0,2,0,0
0,0,7,1,0,2,0,0
0,0,0,1,0,0,0,0
0,0,10,247,0,1,0,0
0,0,0,2,0,0,0,0
0,0,0,3,0,0,0,0
0,0,0,3,0,0,0,0
0,0,0,3,0,1,0,0
0,0,0,3,0,1,0,1
0,0,0,2,0,1,0,0
0,0,1,3,0,1,0,0
0,0,0,3,0,0,0,0
0,0,26,2,0,2,0,0
0,0,1,3,0,0,0,0
0,0,0,3,0,1,0,0
0,0,73,21341,0,1,0,0
0,0,0,1,0,1,0,0
0,0,1,3,0,5,0,0
0,0,39,13866,0,4,0,3
0,0,90,79028,0,1,1,0
0,0,85,13401,0,1,0,1
0,0,5,3,0,1,0,0
0,0,0,3,0,1,0,0
0,0,0,0,0,2,0,0
0,0,20300,115684,0,1,1,0
0,0,1,3,0,0,0,0
0,0,76,17699,0,1,0,0
0,0,7,3,0,1,0,0
0,0,227,8021,0,1,0,3
0,0,1,3,0,0,0,1
0,0,255,99518,0,1,1,4
1,0,3,3,0,5,0,0
1,0,0,2,0,0,0,0
0,0,10,3,0,1,0,1
0,0,10,3,0,3,0,0
0,0,2827,150458,0,1,0,0
0,0,0,0,0,2,0,0
1,0,1,1,0,5,0,0
0,0,10,2176,0,1,1,0
0,0,21,24116,0,1,0,0
0,0,0,0,0,2,0,0
0,0,1,3,0,1,0,0
0,0,1495,51403,0,1,0,0
0,0,1,1,0,1,0,0
0,0,115,31787,0,4,0,3
0,0,173,12163,0,1,0,0
0,0,0,9,1,0,0,0
0,0,0,0,0,0,0,0
0,0,1,8,0,1,0,0
0,0,136,34626,0,1,6,0
0,0,395,31083,0,1,0,0
1,0,5,1,0,5,0,0
0,0,23,812,0,1,1,2
0,0,168,3644,0,1,0,2
0,0,0,0,0,0,0,0
0,0,0,0,0,2,0,0
0,0,4,505,0,1,0,4
0,0,82,31568,0,1,0,0
0,0,231,45113,0,1,1,0
1,0,2,3,0,0,0,0
0,0,5,2,0,0,0,0
0,0,0,0,0,1,0,0
0,0,1457,68209,0,1,0,0
0,0,0,0,0,0,0,0
0,0,0,2,0,0,0,0
0,0,1,3,0,1,0,0
0,0,0,1,0,4,0,0
0,0,18,2988,0,1,0,4
0,0,6,3,0,1,0,0
0,0,3,40,0,3,0,0
0,0,313,81942,0,1,0,0
0,0,0,0,0,0,0,0
0,0,428,13873,0,1,2,0
1,0,2,54,0,2,0,0
0,0,1,3,0,1,0,0
0,0,0,3,0,1,0,0
0,0,0,0,0,2,0,0
0,0,9,1099,0,2,0,0
0,0,2,1,0,0,0,0
0,0,36,15127,0,1,0,1
0,0,139,18471,0,1,0,0
0,0,57,16871,0,1,0,0
0,0,132,6740,0,4,1,1
0,0,0,102,0,0,0,1
0,0,465,162324,0,1,0,0
0,0,1,1,0,0,0,1
0,0,3,3,0,1,0,0
0,0,21,3430,0,4,0,0
0,0,10,1,0,1,0,0
0,0,87,6778,0,1,0,0
0,0,0,1,0,0,0,0
0,0,15,1,0,1,0,0
0,0,36,9125,0,1,0,4
0,0,1,7,0,1,0,0
0,0,0,3,0,1,0,0
0,0,0,0,0,2,0,0
0,0,0,0,0,0,0,0
0,0,2,1,0,1,0,0
0,0,91,16892,0,1,1,2
0,0,1350,109990,0,1,2,0
0,0,0,3,0,0,0,0
0,0,0,81,0,0,0,1
0,0,0,0,0,1,0,0
0,0,0,8,0,5,0,0
0,0,0,3,0,1,0,0
0,0,0,0,0,0,0,0
0,0,0,0,0,2,0,0
0,0,0,1,0,0,0,0
0,0,1,2,0,1,0,0
0,0,0,8,0,1,0,0
1,0,0,1,0,5,0,0
0,0,17,3,0,0,0,0
0,0,0,0,0,0,0,0
0,0,0,1,0,1,0,0
0,0,0,0,0,2,0,0
0,0,1,3,0,0,0,0
0,0,1,2,0,0,0,0
0,0,254,81950,0,1,0,2
0,0,0,80,0,0,0,1
0,0,64,23443,0,1,2,1
0,0,1,3,0,1,0,0
0,0,40,3077,0,1,1,0
0,0,211,3454,0,1,1,2
0,0,0,1,0,1,0,0
0,0,15,8157,0,1,0,1
0,0,1,1,0,0,0,0
0,0,0,2,0,1,0,0
0,0,0,2,0,1,0,0
0,0,717,9084,0,1,0,5
0,0,57,37240,0,1,0,0
0,0,127,8800,1,0,0,0
0,0,1,3,0,1,0,0
0,0,0,0,0,0,0,0
0,0,284,21042,0,4,0,0
0,0,843,69174,0,1,1,1
0,0,0,3,0,1,0,0
0,0,108,7809,0,1,1,2
0,0,0,0,1,0,0,0
0,0,208,28259,0,1,0,0
0,0,1374,79301,0,1,1,0
0,0,335,10356,1,0,0,0
0,0,0,0,0,0,0,0
0,0,273,14154,0,0,0,0
0,0,1033,112659,0,1,3,0
0,0,12,8774,0,1,0,0
0,0,569,14461,0,1,0,4
0,0,11,1575,0,1,2,0
0,0,5,1,0,1,0,0
0,0,150,10617,0,1,1,2
0,0,38,23431,0,1,4,0
0,0,0,0,0,0,0,0
0,0,46,6117,0,1,0,4
0,0,63,16418,0,1,0,3
0,0,563,198638,0,1,0,0
0,0,853,59599,0,1,0,1
0,0,0,11,0,1,0,0
0,0,374,10012,0,1,1,0
0,0,162,26624,0,1,2,3
0,0,162,26624,0,1,2,3
0,0,6,888,0,1,1,4
0,0,145,21166,0,2,2,0
0,0,0,3,0,0,0,0
0,0,0,3,0,0,0,0
0,0,0,3,0,0,0,0
0,0,0,3,0,0,0,0
0,0,6,6,0,5,0,0
0,0,0,19,0,5,0,1
0,0,0,1,0,0,0,1
1,0,0,1,0,0,0,1
0,0,0,3,0,1,0,0
0,0,0,1,0,1,0,0
0,0,2,2,0,0,0,0
0,0,2481,156662,0,1,1,0
0,0,53,65757,0,1,1,0
0,0,1237,51744,0,1,1,0
0,0,1426,241518,0,1,1,0
0,0,11,3,0,1,0,0
0,0,1426,241518,0,1,1,0
0,0,0,3,0,0,0,0
0,0,102,7630,0,1,0,0
0,0,1,30,0,1,0,0
0,0,580,56926,0,1,0,0
0,0,207,35282,0,1,0,0
0,0,1333,132809,0,1,0,0
0,0,295,85682,0,1,0,0
1,0,0,3,0,0,0,0
0,0,0,2,0,0,0,0
0,0,688,14937,0,1,0,7
0,0,2395,273638,0,1,0,0
0,0,0,0,0,0,0,0
0,0,42,6395,0,1,0,3
0,0,126,11306,0,1,0,3
0,0,0,0,0,2,0,0
1,0,221,29822,0,1,0,4
0,0,4,453,0,1,0,0
0,0,0,2,0,1,0,0
0,0,1,3,0,0,0,0
1,0,21,3,0,0,0,0
0,0,1,3,0,0,0,0
0,0,1,3,0,0,0,0
0,0,0,0,0,0,0,0
0,0,1,3,0,1,0,1
0,0,131,5695,0,1,0,0
0,0,1,2,0,1,0,0
0,0,0,3,0,3,0,1
0,0,7,3,0,1,0,1
0,0,0,3,0,5,0,1
0,0,17,3,0,0,0,1
1,0,0,3,0,1,0,0
1,0,2,3,0,2,0,0
0,0,1,3,0,2,0,0
0,0,61,8098,0,1,1,0
0,0,12,3,0,1,0,0
0,0,1,19,0,2,0,0
0,0,1,19,0,2,0,0
1,0,0,1,0,0,0,0
0,0,3,3,0,1,0,0
1,0,0,3,0,1,0,0
1,0,0,3,0,1,0,0
1,0,14,3,0,1,0,0
0,0,0,3,0,2,0,0
0,0,0,0,0,0,0,0
1,0,0,3,0,0,0,1
0,0,162,23499,0,1,0,0
0,0,2082,109071,0,1,0,0
0,0,1,3,0,1,0,0
0,0,0,3,0,0,0,0
0,0,2,3,0,1,0,0
1,0,1,3,0,0,0,1
0,0,10,3,0,0,0,0
0,0,0,0,0,0,0,0
0,0,371,128496,0,1,1,0
0,0,0,3,0,0,0,0
0,0,10,3,0,0,0,0
0,0,3,3,0,1,0,0
0,0,5,3,0,1,0,0
0,0,10,3,0,1,0,0
0,0,330,46033,0,1,0,0
0,0,9,3,0,1,0,0
0,0,0,0,0,0,0,0
0,0,0,17,0,2,0,0
0,0,1,3,0,0,0,1
0,0,432,21606,0,1,0,0
0,0,3,3,0,1,0,0
0,0,37,14516,1,0,0,0
1,0,0,3,0,5,0,1
0,0,0,2,0,1,0,0
1,1,3,1,0,0,0,3
0,0,1164,201437,0,1,1,2
0,0,1244,33623,0,1,1,5
0,0,0,2,0,1,0,0
0,0,2,1,0,1,0,0
0,0,5,3,0,1,0,0
0,0,2,31,0,2,0,0
0,0,6,3,0,5,0,0
0,0,6,3,0,5,0,0
0,0,1,1,0,1,0,0
0,0,18,48,0,1,0,0
1,0,0,3,0,0,0,0
0,0,7,3,0,0,0,0
0,0,7,3,0,1,0,0
0,0,1,2,0,1,0,0
0,0,146,29887,0,3,0,0
0,0,103,62293,0,1,5,0
0,0,3,1,0,0,0,1
0,0,5,3,0,5,0,0
0,0,3,3,0,1,0,0
0,0,1,1,0,0,0,0
0,0,1,3,0,4,0,0
0,0,14,3,0,1,0,0
0,0,45,122,0,0,0,0
0,0,47,3,0,2,1,0
0,0,1,2,0,0,0,0
0,0,1,1,0,2,0,0
0,0,0,2,0,1,0,0
0,0,13,3,0,0,0,0
0,0,103,11215,0,1,0,4
0,0,103,11215,0,1,0,4
0,0,8,1,0,0,0,1
0,0,8,1,0,0,0,1
0,0,9,3,0,0,0,1
0,0,2,3,0,1,0,0
0,0,2,3,0,1,0,0
0,0,0,107,0,1,0,0
0,0,5,3,1,0,0,0
0,0,3,3,0,0,0,0
0,0,45,18995,0,1,1,0
0,0,3,3,0,1,0,0
0,0,0,3,0,1,0,0
0,0,10,3,0,1,0,0
0,0,5,3,0,0,0,0
0,0,68,1609,0,1,1,2
0,0,68,1609,0,1,1,2
0,0,32,3,0,0,0,0
0,0,4178,618204,0,1,1,0
0,0,4178,618204,0,1,1,0
0,0,0,0,0,0,0,0
0,0,45,2503,0,1,0,0
0,0,0,0,0,4,0,0
0,0,79,12814,0,1,0,4
0,0,9,3,0,0,0,0
0,0,7,2,0,0,0,0
0,0,179,32171,0,1,0,0
0,0,0,0,0,0,0,0
0,0,9,3,0,0,0,0
0,1,8,1,0,1,0,0
0,0,66,18297,0,1,0,4
0,0,1885,79250,0,1,0,0
0,0,555,18582,0,1,1,0
0,0,15667,778466,0,1,1,0
0,0,0,2,0,0,0,0
0,0,0,0,0,0,0,0
0,0,13,3,0,1,0,0
0,0,202,25451,0,1,1,0
1,0,12,3,0,1,0,1
0,0,395,194295,0,1,0,0
0,0,1,1,0,0,0,0
0,0,3777,54186,0,3,0,1
1,0,5,1,0,2,0,0
0,0,0,0,0,0,0,0
0,0,0,16,0,1,0,0
1,0,13,154,0,0,0,0
0,0,13,1,0,0,0,0
0,0,6,1,0,0,0,0
0,0,0,3,0,0,0,0
0,0,0,141,0,1,1,0
0,0,0,1,0,0,0,0
0,0,2,1,0,1,0,0
0,0,0,1,0,0,0,0
0,0,0,1,0,4,0,0
0,0,1,22,0,1,0,0
1,0,0,123,0,0,0,0
0,0,9,3,0,1,0,2
0,0,9,88,0,3,0,0
0,0,0,1,0,3,0,0
0,0,0,0,0,0,0,0
0,0,0,1,0,0,0,0
0,0,14,67,0,2,0,0
0,0,0,1,0,0,0,0
0,0,0,1,0,1,0,0
0,0,0,1,0,1,0,0
0,0,0,1,0,0,0,0
0,0,0,11,0,1,0,0
0,0,1,87,0,1,0,0
0,0,0,3,0,0,0,0
0,0,0,0,0,0,0,0
0,0,1,5,0,2,0,0
0,0,0,2,0,1,0,0
0,0,0,3,0,1,0,1
0,0,8,2,0,1,0,0
0,0,2,1,0,1,0,0
0,0,1,1,0,1,0,0
0,0,0,0,0,0,0,0
0,0,0,1,0,1,0,0
0,0,1,18,0,1,0,0
0,0,0,16,0,1,0,0
0,0,0,1,1,0,0,0
0,0,0,1,0,1,0,1
0,0,0,4,1,0,0,0
0,0,0,14,0,1,0,0
0,0,121,21903,0,1,1,0
0,0,0,0,0,3,0,0
0,0,0,4,0,1,0,0
0,0,0,3,0,1,0,1
0,0,1,2,0,1,0,0
0,0,0,3,0,1,0,0
0,0,0,0,0,2,0,0
0,0,0,0,0,2,0,0
0,0,21,3,0,0,0,1
0,0,0,3,0,1,0,0
0,0,4,3,0,1,0,0
0,0,0,3,0,0,0,0
0,0,2,3,0,1,1,0
0,0,2,3,0,1,0,2
1,0,0,3,0,0,0,1
0,0,6,3,0,1,0,2
0,0,39,27575,0,1,0,0
1,0,17,3,0,1,0,0
0,0,1,1,0,2,0,0
0,0,6,3,0,5,0,0
0,0,245,17067,0,1,0,4
0,0,1,1,0,1,0,0
0,0,478,12024,0,1,1,0
0,0,16,3,0,1,0,0
0,0,1,195,0,1,0,0
0,0,1,3,0,1,0,0
0,0,686,7115,0,1,1,2
0,0,458,177265,0,1,0,3
0,0,253,35433,0,1,0,0
0,0,3668,37259,0,1,1,0
0,0,8,2,0,0,0,1
0,0,0,1,0,0,0,0
0,0,0,3,0,1,0,0
0,0,0,1,0,1,0,0
0,0,10,3,0,1,0,2
0,0,13,2,0,1,0,0
1,0,8,3,0,1,0,0
0,0,0,0,0,0,0,0
0,0,40,11116,0,0,1,0
0,0,0,2,0,5,0,0
0,0,2134,424731,0,1,0,0
0,0,1,3,0,2,0,0
0,0,10,1,0,3,0,0
0,0,8,3,0,2,1,0
0,0,11,3,0,0,0,0
0,0,0,9,0,1,0,0
0,0,112,12828,0,1,1,0
0,0,1,3,0,0,0,0
0,0,10,2768,0,0,0,1
0,0,43,3937,0,0,1,0
1,0,16,187,0,0,0,1
0,0,0,4,0,1,0,0
0,0,0,1,0,0,0,0
0,0,2,2,0,1,0,0
1,0,15,1,0,0,0,0
0,0,0,1,0,0,1,0
0,0,0,6,0,0,0,0
0,0,200,21370,0,1,0,4
0,0,7,3,0,4,0,0
1,0,2,3,0,0,0,0
0,0,233,11248,0,4,0,1
0,0,8,1,0,1,0,0
0,0,0,13,0,1,0,0
0,0,0,1,0,0,0,0
0,0,741,34541,0,1,1,0
0,0,0,3,0,1,0,0
0,0,8,3,0,1,0,0
0,0,13744,60037,0,1,1,0
0,0,2,3,0,1,0,0
0,0,0,3,0,0,0,0
0,0,1875,139539,0,1,2,0
0,0,736,38182,0,1,0,0
0,0,9,3,0,1,0,0
0,0,553,156383,0,1,0,0
0,0,415,19836,0,1,0,1
0,0,2,3,0,0,0,0
0,0,2,3,0,0,0,0
0,0,237,35223,0,3,0,2
0,0,3795,239903,0,3,0,0
0,0,0,3,0,1,0,0
0,0,1,3,0,0,0,0
0,0,467,78488,0,1,0,0
0,0,1065,25152,0,3,0,2
0,0,1,3,0,0,0,0
0,0,9,2,0,0,0,0
1,0,1,3,0,0,0,1
0,0,2,2,0,2,0,0
0,0,5,3,0,0,0,1
0,0,3,2,0,1,0,0
0,0,0,65,0,0,0,0
0,0,2,1,0,2,0,0
0,0,8,1,0,0,0,0
0,0,0,2,0,1,0,0
0,0,1,1,0,0,0,0
0,0,14,1,0,4,0,0
1,0,7,182,0,0,0,0
0,0,14,1,0,1,0,0
